53.38479195,-6.601046124
54.095063,13.374563
35.6996507,139.5184956
24.1986813,55.6769692
38.0333742,-84.5017758
37.95260515,-91.7763609
30.02716175,31.20586149
32.72147705,-117.1643169
-28.073868,153.4168487
56.46958965,84.94677014
51.76164775,-0.248371825
53.33917155,-6.262939103
43.84308065,125.3238807
50.6281,3.1031
45.520881,-122.6806572
46.86087925,-113.9851417
-35.2372172,149.0840659
35.70361,51.351507
55.79069515,49.12192908
41.2563046,-95.97783747
2.92912005,101.7783355
24.15685,120.6800382
40.845476,14.257677
47.432134,9.375552
31.3070951,120.6357399
43.8009949,-116.943487
51.3677833,12.7379544
41.1443525,-81.33982833
47.5727251,-52.73305444
25.0256994,121.5266044
22.34000115,114.1697029
39.8087194,-75.926889
43.560378,1.468857
38.93775105,-77.08948236
39.2087029,-96.5884441
36.1295801,-97.08853715
-22.649611,-50.437522
34.5935472,135.5038278
33.59375255,-101.8995955
35.08663275,-106.6202094
40.0257488,116.2739898
-32.07161405,115.8335009
45.4955911,-73.5775043
50.79805775,-1.098349112
24.4469025,54.3942563
-33.7697359,150.7292595
39.87549675,32.78553506
41.6835948,-0.8843201
64.85853945,-147.8365116
45.3783078,-71.92847002
31.99926655,-81.10530941
56.46255985,84.95565495
61.44964205,23.85877462
51.474264,-0.035412
26.512377,80.232975
-19.869108,-43.966502
39.96014155,116.3597044
48.851243,2.340784
37.7689374,-87.1113859
38.6354613,-90.23203664
39.8720489,32.75395155
32.7748159,-117.0738505
42.2510477,-71.8231517
48.78215115,2.217186659
35.2326064,129.0828055
35.175917,126.908564
39.9586652,116.3097128
35.51935875,129.4292212
53.77114815,-0.368437518
28.5846757,77.16358981
52.45044325,-1.931961341
25.013836,121.540615
55.65067035,37.66607927
53.3859534,-6.2588922
-12.0753786,-77.0415612
56.14597865,-3.91968766
52.4173654,-4.070315004
36.3607717,127.3494167
39.6766541,-104.962203
-34.599878,-58.373059
31.14508135,121.4195085
50.03027885,19.90899497
39.7493161,-105.2228202
54.845815,83.09426231
22.314957,87.310477
34.6893393,133.9222272
51.492698,7.412839
47.07810475,15.4475057
-37.85240845,144.9918226
48.848441,2.343234
51.4276061,-0.1750385
38.88140235,121.522811
68.4359145,17.43506716
37.98089435,23.73401654
33.21208215,-87.53967402
39.25817605,-76.71198839
52.23780765,21.01721746
39.2894478,-76.62630185
33.9014509,35.48193028
23.160013,113.3370203
49.4699765,8.4819024
23.7934342,90.4016744
51.6091578,-3.979344292
-35.02482815,138.5732552
38.885078,-77.1010391
32.06932925,34.84334339
45.462101,9.177139
39.9546285,-75.15349037
40.2075951,-8.425661475
-41.29164665,174.7675554
38.9921309,117.3063314
32.842027,-96.793784
49.928826,11.585852
51.522299,-0.130682
-41.7527641,173.9324003
35.701255,139.764419
53.2254127,-4.141068156
50.580514,8.678025
34.4019766,132.7123195
43.01890185,-76.11918148
47.9946746,7.8472292
46.0662279,11.1163233
35.1915227,-97.4434769
-36.7784754,144.298047
41.387964,2.113302
21.4964412,39.2489498
32.3052404,-106.7429643
37.56394455,126.9475258
43.7743911,-79.50481085
45.4173818,7.747685875
51.56306085,5.043598468
53.10796455,8.855664593
24.4399419,118.0930178
13.74311795,100.532879
52.40151165,13.00988186
50.810666,8.774078
48.84170715,2.344792313
33.88987795,130.7085809
33.50122585,-86.80538672
19.32160475,-99.184905
45.73100425,-122.6339178
47.689402,9.186864
-37.8062142,140.766463
29.7207902,-95.34406271
59.94186255,30.29726066
30.5401222,114.3594147
45.778865,4.867832
62.60434405,29.74223746
37.24244775,127.0802927
42.35284605,-83.064063
-33.883084,151.2021577
32.866276,-117.244759
38.75109295,-9.156203506
-42.9070751,147.3215168
24.78676765,120.9972441
51.24303255,-0.590013825
-32.00574155,115.8928644
48.70814485,2.162610741
3.12267405,101.653561
22.99992775,120.2198378
35.9542493,-83.9307395
32.9862442,-96.75109567
1.3749872,103.8290546
57.0159232,9.975323747
37.21872455,-80.42542519
35.64883905,139.7427707
28.0599999,-82.41383619
-27.47715625,153.02841
10.2829,-84.798143
50.63707245,5.562333323
42.02791015,-93.64464415
43.62230565,3.861896345
38.9538529,-95.26313786
21.2982795,-157.8186923
49.874757,8.656022
63.82015745,20.31466632
39.1318525,-84.51575991
59.348181,18.023583
13.0222347,77.56718325
23.0946565,113.2957647
46.781607,-71.274796
45.478092,9.227276
-33.7774154,151.1181406
47.8495216,13.3419939
40.546699,-3.694376
30.44235995,-84.29747867
50.84206275,4.322919205
48.52307065,7.736952784
45.4497194,9.188708076
49.782953,9.970954
54.33250755,10.18003052
38.9044038,-77.04780341
52.2380139,6.8566761
32.5286412,-92.07244061
45.7297811,4.826581922
41.38803135,2.1108863
-45.86508895,170.5138522
60.18558755,24.8242733
57.6896523,11.9766811
37.5551257,127.0447098
56.45796755,-2.982148314
51.22281,4.410114
45.1626022,5.7135209
51.4499995,-0.961407779
45.42580475,-75.68740118
40.76272475,-111.8396595
57.6985351,11.97124815
50.1716692,8.6279846
33.59914655,130.2235985
52.512519,13.32688
51.96733855,7.599247298
40.7773237,-73.7226313
48.829368,2.381676
42.3889785,-72.5286987
57.16408,-2.1017651
44.4947702,11.3558967
56.3411984,-2.7930938
41.502722,2.104463
25.7173339,-80.27866887
-23.56096405,-46.72770807
50.7369302,-3.536476717
50.8132839,4.381452465
54.98023235,-1.61452627
53.406179,-2.966708186
52.51875095,13.39355165
37.56783525,126.9393781
50.84575885,5.687397077
32.0565957,118.7740883
35.5167538,139.4834225
41.70456775,-86.23822026
50.6697934,4.61543
52.33418005,4.86690055
49.10184375,8.433125596
40.498255,-74.446796
50.733798,7.1022309
41.50138695,-81.60070216
48.84145965,2.34681006
33.45205165,-112.0636789
25.2043573,55.15064515
59.34986645,18.07063213
31.83907195,117.2642075
51.52850795,9.932326043
38.2530945,140.8736593
55.7854,12.52019888
48.1185046,9.8037842
51.98527485,5.663705052
47.993544,7.84595
52.3793131,-1.5604252
53.80387185,-1.55245712
52.45044325,-1.931961341
-31.9740037,115.8208754
55.70229715,37.53179777
29.6328784,-82.3490133
59.9412772,10.720663
38.0353682,-78.5035322
25.01682835,121.5384692
53.3815248,-1.480681425
43.7047927,-72.2925909
22.413656,114.2099405
51.51442905,-0.116588403
43.26336945,-79.91810009
53.527159,-113.5246736
33.7915703,-84.31837262
51.00794735,3.71088105
59.8394451,17.64811697
48.8468997,2.357448653
55.87230815,-4.289225443
60.17103775,24.94915065
40.44415295,-79.96243993
53.21967825,6.562514822
-33.78030875,151.2575774
44.97308605,-93.23708813
34.41399165,-119.8455227
39.94560975,-79.65940096
22.28267345,114.1385492
-37.81354365,144.9717917
38.52247515,-121.7513927
40.0045016,-83.02853385
-27.49741805,153.0131626
33.776033,-84.39884086
-33.88902715,151.1894207
41.11445505,-83.16691718
48.15878785,11.59036741
37.4581284,126.952134
53.4659671,-2.232973772
46.5186594,6.566561505
40.101976,-88.2314378
51.4697988,-0.089330649
39.9920267,116.3067065
43.07996765,-89.4307652
1.2962018,103.7768994
40.7292641,-73.99626827
35.9020448,139.9362201
43.66333345,-79.39769975
42.2942077,-83.71003852
34.068921,118.445245
51.49879595,-0.176922309
44.4947702,11.3558967
39.9492344,-75.19198985
41.25713055,-72.9896696
40.34829285,-74.66308325
34.13710185,-118.1252749
52.17638955,0.143088815
42.3583961,-71.09567788
37.431089,-122.1693009
42.36782045,-71.12666183
51.7575707,-1.254973304
41.7846875,-87.60074672
40.814856,-73.96101624
47.3764534,8.547709315
42.4489498,-76.4746832
37.87631055,-122.2388593
51.52142145,-0.130674409
42.0551164,-87.67581113
35.9990522,-78.9290629
32.87935255,-117.2311005
55.9462364,-3.190622742
47.6543238,-122.3080089
40.00229045,116.3209891
45.50691775,-73.57911626
49.25219815,-123.2314565
35.0234513,135.7798129
37.4102193,-122.0596549
-37.79723905,144.9584474
30.284151,-97.73195598
51.519166,-0.128676466
38.6488148,-90.30654134
1.3484104,103.6829797
41.8268682,-71.40123146
50.86538625,4.679557576
1.3078539,103.7776795
42.35041405,-71.10167087
40.4319722,-86.92389368
51.4584837,-2.609775198
55.68021235,12.57226038
34.0224149,-118.2863441
52.3553655,4.9501644
52.08340265,5.148284942
-37.8774135,145.0449825
52.1606643,4.486069325
29.71679145,-95.40478113
51.922842,4.4874501
47.49685775,8.729818832
55.7039571,13.1902011
42.87500835,-77.00776949
36.369388,127.364025
31.30104395,121.500455
40.00687815,-105.272776
56.1672052,10.20260887
48.71408515,2.213080878
33.6431901,-117.8401649
42.718568,-84.47791571
36.14422155,-86.80274129
34.4139318,135.3031836
51.99882735,4.373960368
47.5612651,7.5752961
52.9385099,-1.171539433
45.4955911,-73.5775043
53.3431615,-6.257707
50.89273635,-1.394642947
31.02768865,121.4322109
22.3386304,114.2620337
31.7918555,35.244723
43.1576983,-77.58829256
51.82206185,5.864576315
33.42165145,-111.9325829
54.77285725,-1.574016029
30.19331415,120.1193082
51.5247272,-0.039310347
37.588223,126.993604
50.7791703,6.067287329
46.9509023,7.43867624
51.4879961,-3.179697474
59.3644838,18.05844468
37.5891545,127.0326718
36.0172898,129.323921
37.99081515,23.73047038
-34.9189226,138.6042367
38.90893925,-77.07457962
41.43744085,2.144423284
42.40629165,-71.1197505
39.86948105,-84.87956905
22.34000115,114.1697029
-36.84847945,174.7717277
51.0288309,13.73605842
32.1119889,34.80459702
52.452513,13.289689
48.2131302,16.36068653
43.5320007,143.6141722
36.991351,-122.060925
51.0784038,-114.1287077
53.566551,9.984534
53.94540365,-1.031388783
22.304572,114.1797629
49.597872,11.004538
51.4486602,5.490399566
41.903738,12.514413
13.92104195,100.7039833
50.86794365,-0.087856128
-33.95828745,18.45997349
52.6273753,-1.120971197
50.733798,7.1022309
32.7767536,35.02414529
41.86898915,-87.64856256
43.47061295,-80.54495797
33.97467365,-117.3368515
54.0088818,-2.787377276
53.305358,-6.220682
43.07900775,141.3377295
35.771213,-78.67392082
63.41653395,10.40668012
41.6655219,-91.5721928
43.30556425,5.378613246
54.58435885,-5.933667877
42.3383668,-71.08793524
44.2262145,-76.49514524
52.6221571,1.2409136
39.74284255,-105.0059328
40.9072198,-73.1091896
-31.3943049,-58.0122554
43.0015201,-78.7870697
42.3663164,-71.25798773
44.63634665,-63.59219964
-26.1888813,28.02479073
39.6810328,-75.7540184
48.9095338,9.1831892
43.71966865,10.40042846
24.79172355,120.9922071
51.44410885,7.260892448
49.992666,8.241572
51.3791442,-2.3252332
49.2767454,-122.9177737
53.27639715,-9.058299607
-34.40505545,150.8783465
55.929035,37.51866808
50.0889154,14.41613721
-33.3578968,151.3783292
38.99203005,-76.9461029
45.5198289,-122.6779796
36.134335,-80.2781152
42.3352916,-71.1703275
41.8092648,-72.2536899
58.403261,15.62361119
40.4478,-3.728587
48.19853965,16.36986168
51.425686,-0.563098
36.10704285,140.100687
55.36782265,10.42820011
-27.5533975,153.0533623
48.46205995,-123.3114198
-38.1438772,144.3609811
40.556836,-105.08274
39.9574,-75.19026706
42.7357483,-73.67296098
43.7201299,10.4078976
60.45596125,22.28600076
65.0592157,25.46632573
-43.5240528,172.5803063
42.801494,-1.65973
-33.441173,-70.640815
40.8206003,-96.70167774
-33.9077457,18.61361668
58.3803693,26.71921337
45.7567197,126.6781272
-22.818429,-47.064785
34.8078655,-87.6791954
30.507886,114.413687
51.4296271,6.78470694
51.53260365,-0.474014018
44.0445359,-123.0717345
51.893435,-8.4920353
31.28473925,121.4969491
41.17833515,-8.596253892
24.717254,46.6194247
43.66333345,-79.39769975
35.22696,126.8413675
28.5444176,77.1893001
29.94121955,-90.12010089
38.94429415,-92.32647881
49.8091536,-97.13304179
30.40550035,-91.18620474
34.2474949,108.9789875
55.86189435,-4.241866221
32.2890655,-106.7623818
52.7627822,-1.239681923
45.499038,-122.6856953
44.47731115,-73.20196539
-22.9542,-43.175493
25.1295897,55.4167371
33.9928298,-81.02682712
51.87703035,0.950078859
26.306111,50.151944
61.49412325,23.77920678
52.382964,9.719602
19.133423,72.913257
31.2631254,34.80225094
48.220378,16.351527
52.13441935,-106.6277768
52.0380023,8.492379533
43.7206078,10.4026444
-41.30005925,174.7765824
39.481059,-0.341088
40.62984145,22.9588935
33.1936183,-87.5287546
22.3874201,114.2082222
45.57022705,-122.6370935
13.7661878,100.5340769
51.29495725,1.067406728
62.22902785,25.74003691
51.5217668,-0.130190717
37.5308282,122.0551711
41.634709,-85.0052376
40.6068028,-75.3782488
45.062492,7.662224
45.518368,9.213463
45.506837,9.267296
64.137274,-21.94561454
42.255952,-71.835665
39.51510135,-0.424512333
-37.8087465,144.9638875
31.2284923,121.4021139
39.96976785,116.3070917
35.62786925,140.1034657
42.947615,-78.821661
63.82015745,20.31466632
48.7133801,9.212089864
48.84110375,2.58827325
41.8736438,-87.6694981
52.48620785,-1.888499151
-29.62683405,30.40338182
40.6234239,-8.657743924
33.75246115,-84.38681125
35.3088296,25.0832561
-37.78600775,175.3166859
26.3707555,-80.10684289
27.3864566,-82.3981369
34.0555657,-118.3878557
12.995218,80.237988
30.642769,104.0675118
44.645074,10.927927
30.5245191,-90.4847145
25.75533775,-80.37628897
29.8662461,77.89587081
-23.591665,-46.649044
35.8452946,127.1330053
40.90698,31.18339123
24.96841805,121.191397
39.98082975,116.3410124
41.120603,16.868507
47.079603,15.467419
5.3556377,100.3020378
-30.033877,-51.218565
35.89056185,128.6108361
43.30927695,-2.010667847
47.05821,15.46019568
48.335802,14.320928
48.85389775,2.329021231
39.1018241,117.1609371
50.929553,11.589825
37.5417381,127.0768708
42.87429695,-8.55595263
55.76108225,37.63259451
50.3755269,-4.139376874
31.32235655,121.3840094
2.993414,101.7149846
25.37504915,51.48993782
45.3808074,-75.6999475
35.33330875,139.6179304
28.2293489,112.9944949
49.8376738,18.2864292
50.0762578,14.41842864
47.4934799,19.06189933
51.52233,-0.129259
35.572477,129.190332
32.833696,130.6990269
40.448645,-3.719323
22.1526495,113.5680532
46.0506379,14.46771245
51.7555205,-1.2261597
53.0016756,-2.270694219
-36.85438645,174.765797
40.8927159,29.37863323
39.9897733,116.3532656
32.29723625,-106.763571
48.788902,2.327256
32.59197975,-85.49608586
47.209572,-1.556004
48.846943,2.344408
37.4481471,126.6498421
35.7045144,51.40972233
35.6200925,139.3829671
30.4255147,-97.7042754
39.77388,-86.176335
43.07797955,-87.88181532
-12.3713128,130.8684017
40.316933,-3.727069
42.089339,75.969834
36.065152,-94.17609534
37.503539,15.086552
41.559937,-8.396762
37.768369,-122.392621
48.854658,2.337817
25.65156,-100.289544
22.6264329,120.2658575
40.76241855,-73.95582499
59.2544839,15.2498899
43.617136,13.512744
32.7726805,-117.1889766
35.33330875,139.6179304
48.998681,12.094547
35.6995942,139.7426558
32.820141,-96.842691
39.86742125,32.73519072
32.731155,-97.1150166
37.55052765,127.0743907
41.862029,12.479562
43.5331903,-80.22352831
48.141207,17.115219
41.10427915,29.02231159
30.04287695,31.23664139
32.77824165,34.99565673
32.49566485,35.99160717
51.192429,6.793531
25.31204,55.492659
18.401789,-66.059522
4.628404,-74.06494
29.707195,-95.396893
59.6679155,10.76219874
32.76162915,35.01986304
46.25005085,20.14649428
29.7104775,-95.39580027
-37.5958671,144.7278267
49.595441,17.259972
14.44833255,120.9856253
32.8420883,-96.78413593
45.6639448,-111.0764709
53.79237145,-1.766710766
39.6162306,20.83963011
49.4290032,7.7747854
49.2545928,7.040891407
28.6212408,-81.2133017
42.30527345,-83.0665552
48.56747525,13.45193779
25.2663747,82.9904648
46.99384,6.938649
51.59029705,-0.229632209
16.377798,119.9113091
42.2782955,-71.7622355
41.6582432,-83.61478734
35.702287,139.7624917
38.2899482,21.7886469
-26.179406,28.008946
4.63874255,-74.08523776
60.0059157,30.37672932
48.8453544,2.339045797
50.0657033,19.91895867
35.1598788,33.37781945
26.190195,91.691981
51.520881,-0.130279
36.5616381,52.68147895
43.709952,7.28968
28.59899755,-81.19712501
32.2767307,-106.7477432
-12.06895,-77.080143
14.16536935,121.2411773
22.5611537,88.41310194
51.43725535,-0.251575254
35.74279425,51.50574054
50.911209,8.025476
30.516494,114.401679
29.703417,-95.403037
40.7447992,-74.02522079
22.64779025,120.310242
36.1523237,-95.94596153
43.553219,6.967505
43.116533,12.387439
43.594372,1.45063
41.00474265,28.93985101
30.47508,114.353035
29.50824795,106.5757268
46.7677836,23.59197655
33.46433105,-88.79942546
52.273521,10.529695
-27.37815905,153.0894647
47.5543249,21.6239011
9.93887835,-84.05329688
53.35556155,-6.282286313
31.9356664,118.8852134
50.62758,3.126323
45.704404,9.660523
-28.8188635,153.3005387
39.94796415,-75.15784373
35.826567,128.756315
41.3124313,-105.5780518
53.461109,9.969455585
40.71703345,-73.59983501
41.9448418,-87.66842177
34.66879715,-82.837195
24.98159995,121.5754323
48.87015115,2.27352185
43.03889625,-87.9315545
64.1244144,-21.92759463
55.6925503,12.1030129
27.9151981,78.07874075
59.3949757,24.6676162
22.5853241,113.9333403
34.4139318,135.3031836
37.9325273,-1.162496519
24.6636147,46.6765326
30.076309,31.28543063
47.3867572,0.691591
4.3830464,100.9700113
46.06733275,18.19655743
38.2127098,-85.75786707
39.3785778,-84.56384287
-33.451778,-70.686185
35.7079101,51.3951857
35.07118,137.001218
53.6104599,-1.72940896
39.6592589,-80.0110377
34.0779745,134.5590655
34.2469152,108.910552
23.5899461,58.1768844
35.63757555,139.7307329
46.55919145,15.64328716
-23.6446884,-46.52839995
40.408048,116.68236
39.3235304,-82.10010704
35.33330875,139.6179304
40.8204407,-73.9498388
39.94976005,116.3362905
22.309457,39.104696
-51.6471676,-69.2093914
32.860958,-117.233528
37.88611985,127.7386743
22.5791095,88.37285465
-34.56386525,-58.4438473
42.78882365,-96.92459038
31.21051105,29.91314562
47.1196193,-88.5484825
4.9746286,114.8926962
13.65180005,100.4944223
35.15554505,128.0969209
36.16161795,120.4935528
10.490608,-66.892077
60.2781018,19.8307958
37.795167,26.70783816
-32.88601995,-68.84201985
46.0272253,13.2595538
47.262702,11.384904
38.921525,-77.01953566
45.1908798,5.7169733
51.8778642,-0.410623193
40.27781,-7.509026
44.43564855,26.10136674
45.7833631,4.768770356
37.597327,127.057832
43.7842489,142.3067641
-27.6043047,151.9327409
25.04306355,121.5346804
4.5951524,-74.06835631
31.4006332,74.2137296
26.2141413,50.57152723
43.236422,76.929711
51.4825423,-0.0066531
35.14479945,33.90492318
-7.76333525,110.4083547
29.19175315,-81.04958387
-22.91117105,-43.23577971
40.81140115,29.35951435
55.86746635,-4.250219192
34.7325171,135.7316649
33.999924,130.948616
36.0679595,-79.81035836
47.17423625,27.57309346
38.7485846,-9.154006646
34.29261785,134.0632364
56.299555,43.982535
40.655058,-73.945361
56.9527434,24.0806623
24.7133304,46.62182029
6.9007047,79.86047339
55.6506205,37.50144442
35.15727155,136.9252004
53.80317025,-1.549100987
33.4692839,-81.9881801
56.8441227,60.6506149
31.20713055,121.4102415
41.8295635,-71.416277
56.950744,24.11605942
22.2501589,84.90668557
47.48630225,19.05809891
53.839021,10.708728
43.370749,-8.39055
-23.49629595,-46.86854237
35.3380782,-80.7574593
24.18005755,120.6483607
-33.044434,-71.605883
39.03398365,-94.57805895
18.552686,73.826494
33.37084965,44.38224977
41.7651087,123.4051787
45.8414358,6.21205431
38.7082846,35.53521585
43.555402,1.503892
25.0353489,121.4325481
51.4487292,-0.244097819
35.6572957,139.5425587
33.2098879,-97.15147488
36.61048,127.2873732
-39.806227,-73.251645
-34.8898685,-56.0593712
35.0333281,135.7249154
32.20302965,119.5096836
39.53786515,-119.8187839
53.8925662,-122.8147159
42.320422,69.590819
13.85038955,100.5680605
43.1156423,131.9008656
33.890984,35.508518
43.256415,76.953875
39.971084,116.421174
23.4169183,116.6281836
53.22853665,-0.548734724
41.0761306,-81.51194783
28.364007,75.586979
35.69715535,139.7625818
23.1331951,113.342957
35.76427925,51.40970276
42.32129435,-71.04637997
35.86197185,139.6075913
50.44922055,30.45772978
41.7411504,-111.8122309
23.814181,86.441132
35.1390842,-90.0318192
1.2964593,103.8502794
45.68025,13.774063
34.748452,-92.320589
-34.5962785,-58.41767775
41.20315895,29.07286536
-22.4137971,-45.4502726
34.36429485,-89.52538012
35.6937953,139.4439284
52.6300609,-1.139843407
36.43081545,139.0444871
45.5667555,5.917541467
47.2165969,39.63062775
52.9577322,-1.156170993
41.555129,-72.65693421
50.004696,36.228053
50.1021757,14.391267
32.2391242,-110.9504158
51.5442663,0.009647662
40.33544,-3.877459
29.0812415,31.10072999
53.4886859,-2.278328792
60.20150365,24.9654634
41.4404343,-87.6878215
55.67260345,37.48571406
49.45832195,11.08546
37.02704895,-7.922375502
37.5236728,139.9380725
55.84342625,-4.430068699
10.0597165,76.3609105
54.6828451,25.28750788
39.87549675,32.78553506
4.33822395,101.1395937
40.8194,-73.95
51.538817,46.010238
26.8865035,-80.11435336
29.7194228,-95.3412809
32.1066811,118.9086308
19.501335,-99.134559
51.1567771,71.47149063
50.4152275,-104.589
-26.7184793,153.065136
32.01310265,35.87354923
-27.600604,-48.519674
-21.984174,-47.880363
38.994019,-3.920477
50.4634558,3.954078272
-23.56096405,-46.72770807
53.47188435,-2.2411075
47.4796299,19.05616986
43.0826784,-77.67047648
55.9360357,-3.2265093
32.8832468,51.55099264
30.60903415,114.3514284
44.8061071,20.47479772
6.24198815,-75.58954289
54.075538,12.103494
53.76340335,-2.708749242
49.201727,16.603295
29.31101,-94.777772
44.965659,-89.6668347
50.38413975,30.47409246
37.678517,126.804281
33.9752063,132.78187
35.1527119,136.9705813
39.99097,116.350749
43.225244,76.921897
36.6283706,138.1873049
43.723194,12.636777
51.5219692,-0.155028571
39.911429,116.414819
45.51181205,-122.68493
39.4703727,-87.40819676
29.3368654,47.9200022
22.531666,113.3890236
32.037742,118.846241
48.115937,-1.672971
14.61487245,121.0355713
24.123523,120.675229
40.3128187,9.3104899
36.37029045,127.347812
37.5840713,127.0586643
52.140206,11.644164
50.74224205,-1.894349489
54.9781026,-1.6067699
35.46426515,136.7380125
-7.7700789,110.3810739
31.5716365,130.5460279
43.1369862,-70.93188194
28.0642296,-80.62300972
36.885682,-76.30768579
-22.979661,-43.233526
37.994072,23.732403
52.38405,9.805964
18.79124745,98.97447038
-35.00295055,-71.22987563
40.351775,18.158331
43.8272664,125.4227754
34.67592105,33.04476517
-31.9192816,115.8691215
32.7855301,-79.95025241
55.728398,37.609076
37.8687884,138.942005
45.80600425,16.00839356
40.25142785,-111.6505719
45.434479,12.326133
41.20315895,29.07286536
29.50743,-98.57536
-33.034829,-71.595635
46.4983249,11.35009579
51.53682365,-0.13367159
42.68435875,-73.82583423
50.8640047,-0.084007338
52.4056372,-1.499722268
-7.40337015,109.2458844
52.20338815,0.135022573
30.759865,76.766148
53.8931763,27.54719422
-6.891288,107.6103817
33.644347,72.9885079
50.8440475,-0.120167191
39.738444,-84.17918747
39.217348,9.114921
53.4050747,-2.970300286
52.22165395,21.00735776
37.48471705,126.7249282
55.7658538,37.68489551
25.0325836,121.4351277
59.94186255,30.29726066
35.1851087,-111.655837
36.046772,103.8526439
47.2481683,5.991149415
0.3355324,32.5682009
-27.467384,153.0242227
37.98782705,23.73179733
50.9254091,5.390730675
32.865689,-117.20441
32.7861999,129.865345
40.789861,-73.95336
41.8361963,-87.62656511
1.5584128,103.6400236
40.7423025,-74.17928172
30.8200758,106.0654774
48.3018659,14.31111065
61.0648969,28.0938256
37.50882,126.9619
41.26610645,-95.94507872
35.7037727,51.3991746
41.119637,1.260518
54.60442225,-5.929052801
52.67375155,-8.570985623
55.68160305,12.52939715
49.62318335,6.112772816
51.486132,11.969528
37.5521044,126.9409839
35.3229297,-80.7440056
37.548215,-77.45306424
29.58343345,-98.61911843
25.02532085,121.5614418
31.9077705,34.81323333
52.52578735,13.37702823
37.2886785,127.0513357
54.6828451,25.28750788
33.747621,73.138046
45.782916,4.878241
-25.7542559,28.2321043
53.38479195,-6.601046124